id_kabupaten,nama_kabupaten,luas_wilayah_km2,frekuensi_gempa,mag_max,mag_mean,depth_mean
IDN.1.2_1,AcehBarat,2830.1720091309735,318.0,5.495929743,3.17038023104717,16.08805031446541
IDN.1.1_1,AcehBaratDaya,1902.5383924583812,49.0,4.550803088,3.14651085022449,45.183673469387756
IDN.1.3_1,AcehBesar,2932.706335981625,120.0,5.064876585,3.28732453035,25.691666666666666
IDN.1.4_1,AcehJaya,3894.4891570641635,93.0,5.874450261,3.334288806064516,47.204301075268816
IDN.1.5_1,AcehSelatan,4231.250552323384,138.0,5.0626862,3.000997814768116,33.391304347826086
IDN.1.6_1,AcehSingkil,1914.7822909747954,30.0,4.819549756,3.1696905594333336,52.5
IDN.1.7_1,AcehTamiang,2187.1630333714506,3.0,3.390652414,3.2600750906666662,13.0
IDN.1.8_1,AcehTengah,4735.902474726335,111.0,5.027948324,3.1942289786576574,41.24324324324324
IDN.1.9_1,AcehTenggara,4196.853158401686,111.0,4.809142838,3.112894208873874,42.36036036036036
IDN.1.10_1,AcehTimur,5464.141997701001,90.0,4.936355699,2.6755890604,16.61111111111111
IDN.1.11_1,AcehUtara,2732.93736929152,15.0,4.280014058,3.0392688634666665,22.533333333333335
IDN.1.12_1,BandaAceh,59.47037712563131,1.0,3.189475351,3.189475351,10.0
IDN.1.13_1,BenerMeriah,1942.2846593923073,92.0,4.8726416,2.7932648045434783,10.282608695652174
IDN.1.14_1,Bireuen,1783.8537314735304,27.0,4.70288509,3.210301468148148,33.7037037037037
IDN.1.15_1,GayoLues,5476.7300538436175,221.0,5.012610701,3.1799440362126696,21.41176470588235
IDN.1.16_1,Langsa,197.56423881003897,1.0,3.665418199,3.665418199,10.0
IDN.1.17_1,Lhokseumawe,139.26764336676695,1.0,3.373381601,3.373381601,20.0
IDN.1.18_1,NaganRaya,3441.0086586816305,185.0,5.1761165,3.222141315135135,21.897297297297296
IDN.1.20_1,Pidie,2998.2366253880004,458.0,5.37479451,3.1306112302554583,13.941048034934498
IDN.1.19_1,PidieJaya,974.3527321031429,103.0,5.413160898,3.3197911720291264,14.242718446601941
IDN.1.21_1,Sabang,126.04309257542461,17.0,3.620037922,2.7209805260588236,19.352941176470587
IDN.1.22_1,Simeulue,1839.4521827306814,78.0,5.7002668,3.7852376617179484,21.166666666666668
IDN.1.23_1,Subulussalam,1154.8552080605743,18.0,6.6441627,2.931607275333333,54.611111111111114
IDN.2.1_1,Badung,405.56702511096273,11.0,3.36899446,2.557844927,79.36363636363636
IDN.2.2_1,Bangli,533.0840798366579,43.0,4.65009477,2.8066311780697677,46.46511627906977
IDN.2.3_1,Buleleng,1344.9229806249762,132.0,5.608677366,2.8672619919469695,23.795454545454547
IDN.2.4_1,Denpasar,128.17529492868297,8.0,3.320692477,2.6273620600000003,78.875
IDN.2.5_1,Gianyar,373.68582131791464,13.0,4.985269935,3.351943290923077,75.38461538461539
IDN.2.6_1,Jembrana,868.4894202297338,22.0,4.311388533,2.9404048504090907,46.40909090909091
IDN.2.7_1,Karangasem,859.9832461027394,465.0,5.1223254,2.8369952277354837,15.838709677419354
IDN.2.8_1,Klungkung,322.9042401690818,13.0,3.8310879,2.948690869230769,74.53846153846153
IDN.2.9_1,Tabanan,873.8461284480463,44.0,4.568745333,2.7266694993409093,55.59090909090909
IDN.3.4_1,Bangka,3061.826814473852,1.0,5.580438998,5.580438998,39.0
IDN.3.1_1,BangkaBarat,2893.979344614107,4.0,5.726957914,5.20900835375,8.75
IDN.3.2_1,BangkaSelatan,3626.4381071091516,1.0,5.281227957,5.281227957,10.0
IDN.3.3_1,BangkaTengah,2224.450646742597,1.0,5.575016326,5.575016326,10.0
IDN.3.6_1,Belitung,2316.6926117031976,2.0,5.752156578,5.3861129215000005,348.5
IDN.3.5_1,BelitungTimur,2557.270759506758,2.0,5.734172313,5.212494653,109.5
IDN.3.7_1,Pangkalpinang,109.3315576845663,0.0,0.0,0.0,0.0
IDN.4.1_1,Cilegon,165.74918375123877,1.0,3.818682062,3.818682062,172.0
IDN.4.2_1,KotaSerang,267.9168553942909,2.0,3.8538186,3.580635863,87.0
IDN.4.3_1,KotaTangerang,183.48699465413114,0.0,0.0,0.0,0.0
IDN.4.4_1,Lebak,3353.0762678619612,138.0,5.346413261,3.311288870253623,69.57246376811594
IDN.4.5_1,Pandeglang,2815.7785866378917,67.0,5.10253613,3.440864724477612,65.85074626865672
IDN.4.6_1,Serang,1478.233012521648,12.0,4.93286288,3.609435439166667,127.33333333333333
IDN.4.8_1,Tangerang,1041.4929367069105,4.0,3.960267552,3.50059150225,226.25
IDN.4.7_1,TangerangSelatan,166.35195866362176,0.0,0.0,0.0,0.0
IDN.5.4_1,Bengkulu,188.06633274248756,1.0,3.446280821,3.446280821,60.0
IDN.5.1_1,BengkuluSelatan,1234.038870082961,26.0,5.570406204,3.5782582082692307,89.07692307692308
IDN.5.2_1,BengkuluTengah,1049.0776761993557,23.0,4.580300969,3.486088918217391,52.0
IDN.5.3_1,BengkuluUtara,4242.955460696122,97.0,5.194178964,3.6645762857628865,64.52577319587628
IDN.5.5_1,Kaur,2548.5937220549886,32.0,4.944074428,3.40070754884375,59.375
IDN.5.6_1,Kepahiang,708.8091563038145,12.0,5.032883136,3.3989133654166666,33.916666666666664
IDN.5.7_1,Lebong,1677.1563984970717,37.0,4.472002136,3.1890871831621626,28.7027027027027
IDN.5.8_1,Mukomuko,4268.350775438596,77.0,6.7929674,3.5332538614415587,53.23376623376623
IDN.5.9_1,RejangLebong,1510.0050822061219,41.0,4.498315312,3.2523167769268295,34.90243902439025
IDN.5.10_1,Seluma,2465.3476061796728,40.0,5.323875755,3.36391380305,53.95
IDN.6.1_1,Boalemo,1844.4927075056319,374.0,5.774326399,2.868545484406417,70.97326203208556
IDN.6.2_1,BoneBolango,1904.919337334833,47.0,5.2344228,3.118530338851064,88.91489361702128
IDN.6.3_1,DanauLimboto,27.063008586688817,0.0,0.0,0.0,0.0
IDN.6.5_1,Gorontalo,2133.199516950891,125.0,5.663673975,2.6702851684319997,42.576
IDN.6.4_1,GorontaloUtara,1706.2786435194744,116.0,4.95397352,2.9732213915431034,37.88793103448276
IDN.6.6_1,KotaGorontalo,65.14598505353236,5.0,5.381602087,3.3712395454000004,70.4
IDN.6.7_1,Pohuwato,4361.623434622736,523.0,5.966544814,2.844535947994264,72.21223709369025
IDN.7.1_1,JakartaBarat,126.3114817635579,0.0,0.0,0.0,0.0
IDN.7.2_1,JakartaPusat,48.30755854135816,0.0,0.0,0.0,0.0
IDN.7.3_1,JakartaSelatan,146.5478376582025,0.0,0.0,0.0,0.0
IDN.7.4_1,JakartaTimur,186.76606080589562,1.0,4.674786691,4.674786691,275.0
IDN.7.5_1,JakartaUtara,141.79086176386855,0.0,0.0,0.0,0.0
IDN.7.6_1,KepulauanSeribu,8.633767476109798,0.0,0.0,0.0,0.0
IDN.8.1_1,BatangHari,5470.676510017451,5.0,4.906246989,4.3151073518,74.2
IDN.8.2_1,Bungo,4696.654589420337,11.0,4.29849217,3.6580299544545456,124.63636363636364
IDN.8.3_1,Jambi,171.38168541909235,1.0,5.160922411,5.160922411,10.0
IDN.8.4_1,Kerinci,3406.287666057084,27.0,5.208929978,3.5416922165555556,71.11111111111111
IDN.8.5_1,Merangin,7429.0546473425875,187.0,4.930550931,3.6791804861550803,137.7058823529412
IDN.8.6_1,MuaroJambi,5520.18452703896,3.0,5.310643732,4.616582947,8.333333333333334
IDN.8.7_1,Sarolangun,5876.120131110684,69.0,5.826873527,3.6686320456231885,145.7246376811594
IDN.8.8_1,SungaiPenuh,353.80171164180075,1.0,3.964773106,3.964773106,102.0
IDN.8.9_1,TanjungJabungB,4939.09346796864,3.0,5.449478937,4.735594269666667,94.33333333333333
IDN.8.10_1,TanjungJabungT,4952.848037523299,4.0,5.304576552,4.52450232975,265.0
IDN.8.11_1,Tebo,6190.482999610082,9.0,5.748882093,4.435474030555556,57.44444444444444
IDN.9.2_1,Bandung,1782.4917738297013,254.0,5.148449566,2.6671009567125985,22.755905511811022
IDN.9.1_1,BandungBarat,1295.5088837807982,38.0,5.821300872,2.8411337721578946,27.289473684210527
IDN.9.3_1,Banjar,132.7658972102563,0.0,0.0,0.0,0.0
IDN.9.4_1,Bekasi,1283.7887755293327,4.0,4.570212961,3.46561920625,140.25
IDN.9.5_1,Bogor,3032.514122521992,163.0,5.029083817,2.7405869748957055,27.773006134969325
IDN.9.6_1,Ciamis,2775.8130815340073,37.0,5.494408436,3.1492915688378376,96.21621621621621
IDN.9.7_1,Cianjur,3647.4866552424373,657.0,5.388528536,2.4093226814307456,26.374429223744293
IDN.9.8_1,Cimahi,41.8788341519709,2.0,3.412949,2.698270696,16.0
IDN.9.9_1,Cirebon,1082.7739893738792,4.0,3.009052995,2.751257187,10.25
IDN.9.10_1,Depok,202.1831992677575,1.0,3.132111817,3.132111817,260.0
IDN.9.11_1,Garut,3140.64314379398,191.0,6.086900809,3.0595131726806284,34.64397905759162
IDN.9.12_1,Indramayu,2114.588660841279,13.0,4.950596031,3.6736466436923076,154.15384615384616
IDN.9.13_1,Karawang,1933.692901646176,38.0,4.674041135,2.955214606263158,39.71052631578947
IDN.9.14_1,KotaBandung,170.03816309689836,3.0,3.465931236,3.0523581453333333,27.0
IDN.9.15_1,KotaBekasi,216.7005597953083,1.0,3.652374415,3.652374415,225.0
IDN.9.16_1,KotaBogor,113.21966241591262,7.0,3.91645634,2.616083063857143,11.142857142857142
IDN.9.17_1,KotaCirebon,40.87302009484635,0.0,0.0,0.0,0.0
IDN.9.18_1,KotaSukabumi,49.700640883758986,2.0,3.8956786,3.4237802999999998,67.0
IDN.9.19_1,KotaTasikmalaya,187.00223797397035,6.0,3.168043857,2.9365629475,37.166666666666664
IDN.9.20_1,Kuningan,1203.4880842307955,20.0,4.547556531,3.09738781485,47.2
IDN.9.21_1,Majalengka,1359.541896346253,13.0,4.659679,3.4564341627692303,113.15384615384616
IDN.9.22_1,Purwakarta,1002.2627403930421,19.0,3.8625018,2.606882269157895,23.842105263157894
IDN.9.23_1,Subang,2189.8241673799503,21.0,5.523181789,3.2234162846666665,38.61904761904762
IDN.9.24_1,Sukabumi,4223.744017176197,483.0,5.965892976,2.920138942567288,32.8944099378882
IDN.9.25_1,Sumedang,1579.6712813488014,46.0,5.758387438,2.980448645043478,42.369565217391305
IDN.9.26_1,Tasikmalaya,2744.5434340217003,19.0,5.050740756,3.456598454052631,95.36842105263158
IDN.9.27_1,WadukCirata,58.55940942244687,11.0,4.8552644,2.825059321909091,28.0
IDN.10.1_1,Banjarnegara,1168.0788766614808,44.0,4.419685039,2.6483200396136364,21.613636363636363
IDN.10.2_1,Banyumas,1413.08661904679,18.0,4.971885325,3.0702818985555553,114.33333333333333
IDN.10.3_1,Batang,872.1604912686018,13.0,3.537896031,2.499701669538461,32.38461538461539
IDN.10.4_1,Blora,1979.19184125333,7.0,5.0423411,3.446574121571428,98.28571428571429
IDN.10.5_1,Boyolali,1106.1556459480523,9.0,5.304992418,3.083747767888889,34.111111111111114
IDN.10.6_1,Brebes,1778.2020421299108,27.0,4.83752439,3.392252741407407,91.4074074074074
IDN.10.7_1,Cilacap,2385.8141857508363,35.0,5.531612651,3.2316771939428572,65.85714285714286
IDN.10.8_1,Demak,1014.2728411302497,4.0,3.772788797,3.0720834845000002,71.25
IDN.10.9_1,Grobogan,2061.796871270413,1.0,3.630599626,3.630599626,11.0
IDN.10.10_1,Jepara,1038.2164170281587,6.0,4.803286945,3.7426547911666668,247.33333333333334
IDN.10.11_1,Karanganyar,817.4632576749505,3.0,3.645192434,3.1857761823333335,158.0
IDN.10.12_1,Kebumen,1356.3420858566808,7.0,4.224940315,3.2865243021428574,35.714285714285715
IDN.10.13_1,Kendal,1015.327286800667,8.0,3.037197247,2.67086959375,13.0
IDN.10.14_1,Klaten,713.3445579964126,8.0,3.778510623,2.6193850041249997,13.75
IDN.10.15_1,KotaMagelang,18.242635684734722,0.0,0.0,0.0,0.0
IDN.10.16_1,KotaPekalongan,46.64601746262052,0.0,0.0,0.0,0.0
IDN.10.17_1,KotaSemarang,392.06156187172644,1.0,5.706508748,5.706508748,10.0
IDN.10.18_1,KotaTegal,39.51477161739528,0.0,0.0,0.0,0.0
IDN.10.19_1,Kudus,442.1033896893817,1.0,4.282437535,4.282437535,10.0
IDN.10.20_1,Magelang,1150.4415072611175,5.0,4.130889149,3.0203774236,76.2
IDN.10.21_1,Pati,1604.932258865648,4.0,4.605129232,3.40686915775,144.25
IDN.10.22_1,Pekalongan,907.0081933548472,5.0,3.171766582,2.6987364962,11.4
IDN.10.23_1,Pemalang,1154.2335738077047,5.0,4.773448014,3.5558180792000003,164.0
IDN.10.24_1,Purbalingga,821.6433887823538,3.0,3.2940839,2.5457681846666667,37.0
IDN.10.25_1,Purworejo,1109.8570020123411,12.0,5.334478719,3.2407825535833332,78.41666666666667
IDN.10.26_1,Rembang,1053.313386626126,5.0,5.266361534,3.4873066375999997,12.6
IDN.10.27_1,Salatiga,54.02139999181462,2.0,3.443282302,3.1448574575,14.5
IDN.10.28_1,Semarang,1039.7276028202825,35.0,3.808764211,2.937534852857143,22.685714285714287
IDN.10.29_1,Sragen,994.2676556630475,2.0,4.832723487,3.8698078435000003,120.5
IDN.10.30_1,Sukoharjo,502.4005476608162,5.0,3.042954216,2.5572887318,61.0
IDN.10.31_1,Surakarta,47.13162722306257,1.0,2.396542042,2.396542042,177.0
IDN.10.32_1,Tegal,1009.2461850025516,7.0,4.5520213,2.968674801428572,149.14285714285714
IDN.10.33_1,Temanggung,887.1978696696915,10.0,3.817707984,2.9607574658,35.6
IDN.10.34_1,WadukKedungombo,30.87507446252452,0.0,0.0,0.0,0.0
IDN.10.35_1,Wonogiri,1960.0920162890532,14.0,5.427623123,3.486101354285714,69.07142857142857
IDN.10.36_1,Wonosobo,1010.9495473841749,11.0,4.758375995,2.8180436848181816,32.0
IDN.11.1_1,Bangkalan,1319.9787681659504,1.0,3.512669592,3.512669592,10.0
IDN.11.2_1,Banyuwangi,3679.5591454569276,78.0,4.636455811,2.686966827551282,40.782051282051285
IDN.11.3_1,Batu,199.93459994399282,3.0,3.270456317,2.9974933129999997,11.0
IDN.11.4_1,Blitar,1789.7106204792813,15.0,4.4827026,3.383578968666667,131.46666666666667
IDN.11.5_1,Bojonegoro,2350.2321092987695,59.0,5.633583364,2.8425596042033896,26.610169491525422
IDN.11.6_1,Bondowoso,1584.9419218814003,54.0,3.6101845,2.7169160835555553,15.203703703703704
IDN.11.7_1,Gresik,1249.0029746431546,5.0,4.923161872,3.3674707942,29.8
IDN.11.8_1,Jember,3376.235348257239,62.0,4.616829862,2.8159092019516128,44.564516129032256
IDN.11.9_1,Jombang,1139.2198585446272,4.0,5.417680557,3.39364274275,55.5
IDN.11.10_1,Kediri,1552.165219671419,23.0,4.786002333,3.3232756860434782,64.30434782608695
IDN.11.11_1,KotaBlitar,34.170542264984576,0.0,0.0,0.0,0.0
IDN.11.12_1,KotaKediri,70.11977222410545,2.0,2.616392108,2.4203789694999998,10.0
IDN.11.13_1,KotaMadiun,35.18410108560531,0.0,0.0,0.0,0.0
IDN.11.14_1,KotaMalang,112.29939252767707,0.0,0.0,0.0,0.0
IDN.11.15_1,KotaMojokerto,20.606006346510497,0.0,0.0,0.0,0.0
IDN.11.16_1,KotaPasuruan,39.251238921867845,0.0,0.0,0.0,0.0
IDN.11.17_1,KotaProbolinggo,54.58738531980799,0.0,0.0,0.0,0.0
IDN.11.18_1,Lamongan,1776.9359496408192,6.0,5.698094134,4.066631939333333,219.33333333333334
IDN.11.19_1,Lumajang,1847.5438736351155,23.0,4.708341739,2.864834532,25.652173913043477
IDN.11.20_1,Madiun,1137.6370316502723,28.0,4.18603409,2.95030362925,31.428571428571427
IDN.11.21_1,Magetan,714.4645924449873,7.0,3.3013264,2.745540947,59.285714285714285
IDN.11.22_1,Malang,3525.368199563723,26.0,4.039236855,2.946159302846154,62.19230769230769
IDN.11.23_1,Mojokerto,991.5152644972029,4.0,4.582403207,3.37532742525,106.0
IDN.11.24_1,Nganjuk,1313.232348984681,39.0,4.095326804,2.633171929820513,22.82051282051282
IDN.11.25_1,Ngawi,1417.3197320775664,17.0,5.053441668,3.308960165764706,44.88235294117647
IDN.11.26_1,Pacitan,1448.2610475130348,20.0,3.686292428,2.65498689055,66.2
IDN.11.27_1,Pamekasan,810.1720377638022,2.0,3.44410767,3.166712039,12.0
IDN.11.28_1,Pasuruan,1515.6315572450549,12.0,3.246605609,2.7320665546666665,41.833333333333336
IDN.11.29_1,Ponorogo,1443.8312599777287,25.0,4.59315922,3.18671550716,59.52
IDN.11.30_1,Probolinggo,1756.1960522368852,28.0,4.14771789,2.8561680360357142,25.821428571428573
IDN.11.31_1,Sampang,1242.6591162198276,4.0,5.236389476,3.62628380575,11.25
IDN.11.32_1,Sidoarjo,732.3297488034726,1.0,3.998160612,3.998160612,10.0
IDN.11.33_1,Situbondo,1693.1341904799767,68.0,5.771456141,2.928962652647059,21.58823529411765
IDN.11.34_1,Sumenep,2109.457703389967,9.0,4.717570268,3.317148417666667,71.88888888888889
IDN.11.35_1,Surabaya,335.8698624692944,0.0,0.0,0.0,0.0
IDN.11.36_1,Trenggalek,1273.1769419407813,32.0,4.250747167,2.93448123809375,64.03125
IDN.11.37_1,Tuban,2007.7232403746693,23.0,5.300583646,3.274499903130435,46.43478260869565
IDN.11.38_1,Tulungagung,1174.5343445766146,15.0,4.248163645,3.0505309196,92.33333333333333
IDN.12.1_1,Bengkayang,5606.424068933831,2.0,6.229510933,5.2021319375,282.5
IDN.12.2_1,KapuasHulu,30913.07958179118,4.0,5.860492942,5.082220421,98.0
IDN.12.3_1,KayongUtara,4617.270255763235,2.0,6.046969746,5.889372402,10.0
IDN.12.4_1,Ketapang,29763.77147753029,10.0,6.389105118,5.731444709,110.2
IDN.12.5_1,KotaPontianak,108.33290999994736,0.0,0.0,0.0,0.0
IDN.12.6_1,KubuRaya,8590.863099034776,3.0,5.9647897,5.602400179666667,256.6666666666667
IDN.12.7_1,Landak,8253.920163835228,4.0,6.280183663,4.11313535,12.75
IDN.12.8_1,Melawi,9990.712009282497,4.0,6.140497954,5.94992454375,126.75
IDN.12.9_1,Pontianak,2004.5579110638948,0.0,0.0,0.0,0.0
IDN.12.10_1,Sambas,5802.205382917835,3.0,6.297625284,5.606907225333333,265.6666666666667
IDN.12.11_1,Sanggau,12736.671196284524,11.0,6.127376461,5.049469647727273,57.81818181818182
IDN.12.12_1,Sekadau,5698.7167763826765,1.0,5.545678816,5.545678816,272.0
IDN.12.13_1,Singkawang,451.468586005059,0.0,0.0,0.0,0.0
IDN.12.14_1,Sintang,22378.27370738599,9.0,6.357344464,5.492512260333333,207.77777777777777
IDN.13.1_1,Balangan,1899.1653288205155,2.0,5.82021579,5.3780391565,514.0
IDN.13.3_1,Banjar,4587.590689672933,4.0,4.771098561,4.01572048025,23.25
IDN.13.2_1,BanjarBaru,352.24709947476816,0.0,0.0,0.0,0.0
IDN.13.4_1,Banjarmasin,78.84337025569779,0.0,0.0,0.0,0.0
IDN.13.5_1,BaritoKuala,2402.7801928107024,2.0,6.1958025,5.705637251500001,399.0
IDN.13.6_1,HuluSungaiSelatan,1702.719537046749,1.0,5.215960869,5.215960869,109.0
IDN.13.7_1,HuluSungaiTengah,1696.9083320463017,1.0,4.2383154,4.2383154,19.0
IDN.13.8_1,HuluSungaiUtara,934.3991134657871,2.0,6.214212263,5.4708202485,303.5
IDN.13.9_1,KotaBaru,9192.653870158761,7.0,6.051960578,5.300278070571429,10.285714285714286
IDN.13.10_1,Tabalong,3676.1952140036983,6.0,4.141807499,3.6255697156666664,13.333333333333334
IDN.13.11_1,TanahBumbu,4882.60804533094,2.0,5.757567637,5.5146378055,112.0
IDN.13.12_1,TanahLaut,3871.1016064767073,9.0,5.820884071,5.133704643555556,58.77777777777778
IDN.13.13_1,Tapin,2189.4984525648642,1.0,5.994796598,5.994796598,10.0
IDN.14.1_1,BaritoSelatan,6410.8594602095845,4.0,5.039248989,4.52850954975,195.5
IDN.14.2_1,BaritoTimur,3006.964615644514,1.0,4.171733129,4.171733129,10.0
IDN.14.3_1,BaritoUtara,9922.557121045507,6.0,6.304776774,5.113979152,11.166666666666666
IDN.14.4_1,GunungMas,10109.43512538607,8.0,6.09757343,5.614593027875,129.375
IDN.14.5_1,Kapuas,17311.07144086939,5.0,6.292867329,5.806785444800001,53.6
IDN.14.6_1,Katingan,19439.117775623567,5.0,5.330261619,4.7727610332,289.2
IDN.14.7_1,KotawaringinBarat,8404.144073422265,1.0,5.112448056,5.112448056,266.0
IDN.14.8_1,KotawaringinTimur,15719.574323481407,5.0,5.574165047,5.2588288262,311.2
IDN.14.9_1,Lamandau,7336.926002497501,4.0,5.764152078,5.46410258025,10.0
IDN.14.10_1,MurungRaya,23908.613661036186,11.0,6.167175471,5.571908743000001,22.727272727272727
IDN.14.11_1,PalangkaRaya,2605.7063778318984,1.0,4.407199061,4.407199061,14.0
IDN.14.12_1,PulangPisau,9744.105974371976,10.0,5.938813959,5.3282058989,135.1
IDN.14.13_1,Seruyan,16661.65567506864,5.0,5.889874054,5.3534700156,221.2
IDN.14.14_1,Sukamara,3292.3780083858023,1.0,5.999953564,5.999953564,10.0
IDN.34.1_1,Balikpapan,546.7453502783603,1.0,5.650650487,5.650650487,10.0
IDN.34.2_1,Berau,22070.48447435098,30.0,6.5384157,4.070401615933333,33.53333333333333
IDN.34.3_1,Bontang,164.9885516215962,0.0,0.0,0.0,0.0
IDN.34.5_1,KutaiBarat,31876.82329906553,15.0,6.26762163,5.4260616026,60.2
IDN.34.6_1,KutaiKartanegara,25177.75725041514,16.0,6.443614254,5.328307004375,86.0
IDN.34.7_1,KutaiTimur,31473.367339001565,41.0,6.660751929,3.882277930609756,48.170731707317074
IDN.34.10_1,Paser,10599.300374048433,19.0,6.2390493,4.557713104526316,48.421052631578945
IDN.34.11_1,PenajamPaserUtara,3250.5104746235597,2.0,4.745573056,4.6862069365,10.0
IDN.34.12_1,Samarinda,723.7363753088345,0.0,0.0,0.0,0.0
IDN.35.4,Bulungan,13095.865293579991,14.0,5.596907287,4.217100191571428,52.5
IDN.35.8,Malinau,39975.52997189972,10.0,5.755497514,5.1946895929,73.3
IDN.35.9,Nunukan,14154.848157167871,3.0,5.265250379,4.767118193000001,48.666666666666664
IDN.35.13,TanaTidung,2834.6404840432187,9.0,6.0261167,4.632427759333334,13.11111111111111
IDN.35.14,Tarakan,244.94637227023304,4.0,3.77915424,3.5354277764999997,24.25
IDN.16.1_1,Batam,1032.551306883496,0.0,0.0,0.0,0.0
IDN.16.2_1,Bintan,1332.4529953372116,0.0,0.0,0.0,0.0
IDN.16.3_1,Karimun,917.4101983749059,0.0,0.0,0.0,0.0
IDN.16.4_1,KepulauanAnambas,634.7208469024413,0.0,0.0,0.0,0.0
IDN.16.5_1,Lingga,2202.2712434115406,2.0,5.486055566,5.372418793,82.5
IDN.16.6_1,Natuna,1993.7989768079478,0.0,0.0,0.0,0.0
IDN.16.7_1,Tanjungpinang,148.62891862606054,0.0,0.0,0.0,0.0
IDN.17.1_1,BandarLampung,177.19265376399815,1.0,2.758304806,2.758304806,10.0
IDN.17.2_1,LampungBarat,5141.81024589033,134.0,5.608943816,3.0023378782985075,39.6044776119403
IDN.17.3_1,LampungSelatan,2186.274300832974,15.0,6.282035514,3.8596046508,73.0
IDN.17.4_1,LampungTengah,4643.989557386951,37.0,5.71871405,3.5174209676486488,104.24324324324324
IDN.17.5_1,LampungTimur,3947.219160605285,5.0,6.052612018,4.0911600424,81.2
IDN.17.6_1,LampungUtara,2570.2291572079052,13.0,4.705411,3.576281593230769,158.46153846153845
IDN.17.7_1,Mesuji,2185.7617316059313,1.0,4.941214724,4.941214724,10.0
IDN.17.8_1,Metro,78.51179186358254,0.0,0.0,0.0,0.0
IDN.17.9_1,Pesawaran,1370.9522324706986,24.0,4.595554334,3.187940008625,58.833333333333336
IDN.17.10_1,Pringsewu,608.8857699670095,6.0,5.161049,3.7433240501666667,116.5
IDN.17.11_1,Tanggamus,2798.853485636118,125.0,5.736918506,2.9609173720079998,46.032
IDN.17.12_1,TulangBawangBarat,1313.904940323881,2.0,5.243860413,4.362242239,20.0
IDN.17.13_1,Tulangbawang,3111.560404010506,3.0,5.82341845,5.238888213,137.33333333333334
IDN.17.14_1,WayKanan,3600.665703553659,26.0,4.938484501,3.8856271056923077,192.6153846153846
IDN.19.1_1,Ambon,305.3873559173167,65.0,4.314306169,2.834960731230769,18.661538461538463
IDN.19.3_1,Buru,4474.792177152489,91.0,4.8227038,3.437968187648351,30.395604395604394
IDN.19.2_1,BuruSelatan,4288.49402062309,35.0,5.202467314,3.6347592297714284,47.65714285714286
IDN.19.4_1,KepulauanAru,8220.13164312239,0.0,0.0,0.0,0.0
IDN.19.5_1,MalukuBaratDaya,4635.028303793827,25.0,6.023659467,4.27988467704,177.2
IDN.19.6_1,MalukuTengah,8635.54851283554,939.0,6.113163366,3.1346945544313103,21.26517571884984
IDN.19.8_1,MalukuTenggara,1026.1992230483065,2.0,4.384411175,3.9149468685000004,18.0
IDN.19.7_1,MalukuTenggaraBarat,4468.598402560412,9.0,5.668362296,4.676022113888888,54.22222222222222
IDN.19.9_1,SeramBagianBarat,4513.687657777894,584.0,6.594751327,2.953122185136986,19.618150684931507
IDN.19.10_1,SeramBagianTimur,5882.938330034507,102.0,5.08586891,3.4305112036666667,31.254901960784313
IDN.19.11_1,Tual,240.8883675271024,0.0,0.0,0.0,0.0
IDN.18.1_1,HalmaheraBarat,2178.07636592741,174.0,6.684196875,3.330212558913793,37.02298850574713
IDN.18.2_1,HalmaheraSelatan,8150.153603097662,153.0,7.106909133,3.8711718370718953,39.61437908496732
IDN.18.3_1,HalmaheraTengah,2264.6013182855495,19.0,4.38073959,3.311958004368421,18.526315789473685
IDN.18.4_1,HalmaheraTimur,6469.179266168229,159.0,5.391767098,3.411811692238994,27.452830188679247
IDN.18.5_1,HalmaheraUtara,3479.6745782415337,185.0,5.484661032,3.338389483735135,27.9027027027027
IDN.18.6_1,KepulauanSula,4782.53050315119,16.0,5.201586297,4.04592903975,32.9375
IDN.18.7_1,PulauMorotai,2346.3473488992045,273.0,5.211431268,4.021338858014652,143.52747252747253
IDN.18.8_1,Ternate,161.80930155058192,21.0,5.2107961,3.8982768671904764,23.047619047619047
IDN.18.9_1,TidoreKepulauan,1683.627931744035,16.0,4.979274502,3.0600995981875,42.4375
IDN.20.1_1,Bima,4303.919043946234,543.0,5.21348957,3.013627255237569,61.97790055248619
IDN.20.2_1,Dompu,2333.5205670925916,723.0,6.1679738,3.065614109197787,91.42876901798064
IDN.20.3_1,KotaBima,215.67160862880667,22.0,4.372965473,2.780068573863636,111.31818181818181
IDN.20.4_1,LombokBarat,946.1861992131198,107.0,4.458361014,2.9329045491214956,63.0
IDN.20.5_1,LombokTengah,1194.4883394668136,328.0,4.485992882,2.818715232496951,42.5030487804878
IDN.20.6_1,LombokTimur,1642.8531990488361,287.0,5.401364867,2.9132985241010454,23.428571428571427
IDN.20.7_1,LombokUtara,829.3769196743145,127.0,5.245104275,3.031361159015748,25.503937007874015
IDN.20.8_1,Mataram,61.599777691351974,8.0,3.722754918,2.755802358,26.25
IDN.20.10_1,Sumbawa,6803.294293564916,532.0,5.628500677,2.9469964246785714,51.484962406015036
IDN.20.9_1,SumbawaBarat,1795.0114511686993,256.0,4.811374778,2.6132244250742187,28.22265625
IDN.21.1_1,Alor,2999.55429149021,133.0,6.444756212,3.3285036428045114,30.834586466165412
IDN.21.2_1,Belu,2293.431050899798,72.0,4.9366786,3.2484772635277777,19.86111111111111
IDN.21.3_1,Ende,2116.272800042303,108.0,5.52406057,2.768284347935185,46.416666666666664
IDN.21.4_1,FloresTimur,1786.4803338713002,47.0,4.699710149,3.2860711583404254,83.95744680851064
IDN.21.5_1,KotaKupang,161.47715025896505,6.0,4.624723669,3.5098758151666662,18.333333333333332
IDN.21.6_1,Kupang,5266.436809891264,275.0,6.254467902,3.3164309811854547,26.46909090909091
IDN.21.7_1,Lembata,1286.124780716974,60.0,4.756451599,3.2031469868666664,80.08333333333333
IDN.21.10_1,Manggarai,1371.347975651626,134.0,6.236253494,2.9927008939253734,69.73880597014926
IDN.21.8_1,ManggaraiBarat,3208.7395525712222,59.0,5.8676604,3.1203542982542376,108.40677966101696
IDN.21.9_1,ManggaraiTimur,2455.971657739789,151.0,6.027642442,3.2156921743907287,85.41721854304636
IDN.21.11_1,Nagekeo,1474.6623624876445,30.0,5.087890999,3.3527826336,124.8
IDN.21.12_1,Ngada,1727.8203424247044,36.0,4.909773504,3.2359171775555553,119.41666666666667
IDN.21.13_1,RoteNdao,1330.2664449891154,6.0,4.0299766,3.2650500823333335,18.833333333333332
IDN.21.14_1,SabuRaijua,476.9041262817986,1.0,3.512107064,3.512107064,47.0
IDN.21.15_1,Sikka,1733.1282902455398,45.0,4.971991444,3.281813500822222,73.57777777777778
IDN.21.17_1,SumbaBarat,730.524258940102,110.0,4.774805515,3.1892397105454546,29.20909090909091
IDN.21.16_1,SumbaBaratDaya,1444.4198082871762,246.0,5.8866205,3.1408270662642277,33.34959349593496
IDN.21.18_1,SumbaTengah,1865.1773564736366,188.0,5.0337165,3.2172918078563826,35.287234042553195
IDN.21.19_1,SumbaTimur,7197.309827533925,336.0,5.7529846,3.0892370386964285,35.410714285714285
IDN.21.20_1,TimorTengahSelatan,4071.7912612379387,164.0,4.9735346,3.1028997351890246,24.445121951219512
IDN.21.21_1,TimorTengahUtara,2684.123165797937,92.0,4.962860839,3.0985981731956524,19.554347826086957
IDN.23.1_1,Asmat,25244.146643240634,19.0,5.794592617,4.551774267526316,24.105263157894736
IDN.23.2_1,BiakNumfor,2250.659683314596,8.0,4.394292657,3.8629497555,27.0
IDN.23.3_1,BovenDigoel,23897.174478099474,7.0,5.6024799,4.953035388571428,28.285714285714285
IDN.23.4_1,Deiyai,1847.0877201816197,7.0,4.726100554,4.345024421285714,26.285714285714285
IDN.23.5_1,Dogiyai,4666.222874590741,41.0,5.144930958,3.9737777916097556,21.097560975609756
IDN.23.6_1,IntanJaya,4648.0051714855335,33.0,5.349690398,3.984226884030303,100.36363636363636
IDN.23.7_1,Jayapura,14389.021654399488,1204.0,6.0233053,3.4101988398380403,31.33139534883721
IDN.23.8_1,Jayawijaya,2649.5520467063407,22.0,5.006999787,4.065797542409091,70.45454545454545
IDN.23.9_1,Keerom,9111.585260240525,254.0,5.598549791,3.5625682577165354,25.988188976377952
IDN.23.10_1,KepulauanYapen,2438.128479511368,102.0,5.179253148,3.4910896502941178,10.901960784313726
IDN.23.11_1,KotaJayapura,760.7834319945301,126.0,5.491328618,3.1873363626031743,12.428571428571429
IDN.23.12_1,LannyJaya,3705.1454354680404,8.0,5.200133498,4.143579931,56.125
IDN.23.13_1,MamberamoRaya,28959.719812895582,537.0,6.938387406,4.017929557696462,25.441340782122904
IDN.23.14_1,MamberamoTengah,3098.39730607313,39.0,5.088201718,4.031465898410256,47.35897435897436
IDN.23.15_1,Mappi,26159.26049663884,0.0,0.0,0.0,0.0
IDN.23.16_1,Merauke,44596.84562706616,4.0,6.179946667,5.3367629015,236.25
IDN.23.17_1,Mimika,17937.62924415129,85.0,5.140884033,4.1194094270941175,34.752941176470586
IDN.23.18_1,Nabire,12310.802025237359,342.0,6.097255483,3.634992008593567,25.31578947368421
IDN.23.19_1,Nduga,7013.553922599424,49.0,5.4252741,4.233640841020408,73.38775510204081
IDN.23.20_1,Paniai,4729.907807765217,31.0,4.991522668,4.147538376548387,74.74193548387096
IDN.23.21_1,PegununganBintang,15383.9359915703,88.0,6.149364,4.234623225306819,47.36363636363637
IDN.23.23_1,Puncak,7998.211650448316,19.0,5.241416698,4.284612609894737,75.63157894736842
IDN.23.22_1,PuncakJaya,4435.784301002356,30.0,5.221857113,4.228925852566666,52.5
IDN.23.24_1,Sarmi,14064.496380059893,814.0,6.538650699,3.885804802153563,29.4987714987715
IDN.23.25_1,Supiori,669.7475468852126,7.0,4.690861406,4.087456926142857,12.0
IDN.23.26_1,Tolikara,3657.7894145469086,41.0,7.243572629,4.451433938463414,57.951219512195124
IDN.23.27_1,Waropen,10822.531890347962,176.0,6.5908145,4.0191789551875,39.78977272727273
IDN.23.28_1,Yahukimo,14705.664883929174,113.0,5.178810311,4.08852830238938,32.442477876106196
IDN.23.29_1,Yalimo,4021.1570160104043,44.0,5.304899219,4.035262759954545,43.29545454545455
IDN.22.1_1,Fakfak,11016.29608943894,13.0,4.635935151,3.423194752923077,65.23076923076923
IDN.22.2_1,Kaimana,16217.630882905334,147.0,5.232173276,3.843535178047619,18.897959183673468
IDN.22.3_1,KotaSorong,296.91313565119253,20.0,4.400541633,3.1970429236499998,11.85
IDN.22.4_1,Manokwari,12885.129988528663,360.0,7.5185144,3.620763518886111,17.241666666666667
IDN.22.5_1,Maybrat,3304.6587940468935,18.0,5.340756182,3.4972468146666666,29.27777777777778
IDN.22.6_1,RajaAmpat,7788.110461541392,49.0,5.372180283,3.3348374892040815,41.83673469387755
IDN.22.8_1,Sorong,7791.121226407024,48.0,5.3193025,3.432138299,17.0625
IDN.22.7_1,SorongSelatan,5659.392913885231,14.0,5.0086921,3.5014566200714285,41.42857142857143
IDN.22.9_1,Tambrauw,6473.111864269498,103.0,7.902198116,4.011075071184465,17.78640776699029
IDN.22.10_1,TelukBintuni,20777.5096237639,323.0,5.311141624,3.3192292095603717,20.78018575851393
IDN.22.11_1,TelukWondama,6448.148128949643,85.0,5.104587893,3.5286202193529412,18.24705882352941
IDN.24.1_1,Bengkalis,8513.277050649549,3.0,5.058432324,4.356329808,10.0
IDN.24.2_1,Dumai,2273.316562432892,0.0,0.0,0.0,0.0
IDN.24.3_1,IndragiriHilir,13426.12112113894,6.0,6.255845165,5.041610058833334,85.83333333333333
IDN.24.4_1,IndragiriHulu,8086.509809475391,4.0,4.942545503,4.3927358645000005,78.25
IDN.24.5_1,Kampar,10759.279805215412,12.0,5.771043297,4.110023544666666,83.33333333333333
IDN.24.6_1,KepulauanMeranti,3640.934216351165,0.0,0.0,0.0,0.0
IDN.24.7_1,KuantanSingingi,5292.071715053802,10.0,5.506432836,3.7302826961,100.9
IDN.24.8_1,Pekanbaru,625.4780640043069,2.0,5.58365596,4.97896528,15.5
IDN.24.9_1,Pelalawan,13064.89830769846,4.0,5.409750603,4.9035491505,175.25
IDN.24.10_1,RokanHilir,9098.791885788463,6.0,6.073322137,4.493646515,99.5
IDN.24.11_1,RokanHulu,7295.05174991009,29.0,4.88064835,3.6649974723793104,176.13793103448276
IDN.24.12_1,Siak,7823.5498712779345,1.0,4.988077661,4.988077661,84.0
IDN.25.1_1,Majene,904.1545265029171,32.0,6.463147163,3.48177509459375,13.5
IDN.25.2_1,Mamasa,2977.1451154910924,497.0,5.972808766,2.756611731440644,10.613682092555331
IDN.25.4_1,Mamuju,7678.180819193145,215.0,5.650959001,3.104084000367442,18.441860465116278
IDN.25.3_1,MamujuUtara,2954.6946998006288,85.0,5.6131367,3.2567508509411764,15.51764705882353
IDN.25.5_1,PolewaliMandar,2089.1105942753056,20.0,5.067133238,2.5991191664,44.85
IDN.26.1_1,Bantaeng,403.072306579996,3.0,4.734399588,3.4131755626666664,14.333333333333334
IDN.26.2_1,Barru,1195.3210025793098,15.0,3.187505184,2.2804354503333335,13.2
IDN.26.3_1,Bone,4633.540827860374,56.0,5.916316152,2.7972567586607147,32.42857142857143
IDN.26.4_1,Bulukumba,1175.965889057947,3.0,3.8189334,2.91105085,14.666666666666666
IDN.26.5_1,Enrekang,1831.1160426356773,42.0,3.9555234,2.5857854220238092,10.571428571428571
IDN.26.6_1,Gowa,1820.6673483793245,3.0,3.742647845,3.06755838,16.333333333333332
IDN.26.7_1,Jeneponto,804.234037636048,1.0,2.757542678,2.757542678,10.0
IDN.26.8_1,KepulauanSelayar,1187.1670313292,18.0,4.366786733,3.2888601554444445,107.38888888888889
IDN.26.11_1,Luwu,2907.0700915273815,11.0,5.470710595,3.468848924545455,25.454545454545453
IDN.26.9_1,LuwuTimur,6721.078259196054,2142.0,5.154725535,2.6834853356699346,10.381886087768441
IDN.26.10_1,LuwuUtara,7587.249703162074,159.0,5.206224382,2.9360622625031447,12.150943396226415
IDN.26.12_1,Makassar,183.62522230803856,0.0,0.0,0.0,0.0
IDN.26.13_1,Maros,1452.0048901109824,21.0,4.088023005,1.8284541902380953,10.0
IDN.26.14_1,Palopo,281.8967076937379,2.0,2.074574023,1.9033459405,7.5
IDN.26.15_1,PangkajeneDanKepulauan,883.5100125131954,21.0,2.8730705,1.8700134704285714,10.714285714285714
IDN.26.16_1,Parepare,87.96784790623353,1.0,2.623082033,2.623082033,10.0
IDN.26.17_1,Pinrang,1918.719723114664,35.0,5.8986837,2.7558487771142857,10.914285714285715
IDN.26.18_1,SidenrengRappang,1989.5520894466474,23.0,4.828706909,2.6228853695652172,12.826086956521738
IDN.26.19_1,Sinjai,878.4191066704718,1.0,3.816020846,3.816020846,10.0
IDN.26.20_1,Soppeng,1369.5704512486548,25.0,4.19925756,2.2268014772,12.76
IDN.26.21_1,Takalar,577.1628790414534,0.0,0.0,0.0,0.0
IDN.26.22_1,TanaToraja,2028.6855440043855,55.0,4.6168671,2.871014883781818,10.636363636363637
IDN.26.23_1,TorajaUtara,1242.1011243684595,49.0,4.8361933,3.028937206877551,14.061224489795919
IDN.26.24_1,Wajo,2515.4883827396943,39.0,4.581077594,2.6352769694102567,17.71794871794872
IDN.27.2_1,Banggai,8370.228653720476,245.0,5.7549888,3.4471177717061225,26.779591836734692
IDN.27.1_1,BanggaiKepulauan,3049.3674168981756,27.0,5.538708391,3.647006141851852,25.25925925925926
IDN.27.3_1,Buol,3865.551060040904,278.0,5.276330457,3.040764893643885,26.52158273381295
IDN.27.4_1,Donggala,4907.524795969657,306.0,5.3363029,3.1305557794313725,17.754901960784313
IDN.27.5_1,Morowali,13107.34253189538,555.0,6.372381546,3.2458473936396395,17.686486486486487
IDN.27.6_1,Palu,388.32487218215323,33.0,4.8585076,2.974500695090909,10.727272727272727
IDN.27.7_1,ParigiMoutong,5774.605119123465,533.0,5.828273872,3.094150226045028,33.93621013133208
IDN.27.8_1,Poso,7319.5587375351015,2193.0,6.554031331,2.825231810872777,10.036023711810305
IDN.27.9_1,Sigi,5431.806290181213,1092.0,6.202494013,3.0542131969249087,13.465201465201465
IDN.27.10_1,TojoUna-Una,5389.192077978515,211.0,5.883709879,3.052492804127962,17.18483412322275
IDN.27.11_1,Toli-Toli,3592.179386533771,176.0,5.04225324,3.1162251000738634,23.261363636363637
IDN.28.1_1,Bau-Bau,293.43092007478646,2.0,3.107597445,3.036669501,14.5
IDN.28.2_1,Bombana,3360.700170263203,25.0,4.220209639,3.15720784752,40.56
IDN.28.4_1,Buton,3058.0464338467737,12.0,7.272893698,3.876244356166667,44.166666666666664
IDN.28.3_1,ButonUtara,1691.3598626447238,12.0,6.023582388,3.48085668575,20.5
IDN.28.5_1,Kendari,270.2266181370841,21.0,4.4449611,3.276961252666667,11.80952380952381
IDN.28.7_1,Kolaka,6763.871487553162,243.0,6.5892313,2.787747897016461,10.440329218106996
IDN.28.6_1,KolakaUtara,3332.6647479477947,31.0,3.649140289,2.3743442642580646,13.258064516129032
IDN.28.10_1,Konawe,5806.669271982277,91.0,4.743284242,2.999124526791209,11.098901098901099
IDN.28.8_1,KonaweSelatan,4275.379528651821,106.0,5.668295415,3.1788077141415094,23.160377358490567
IDN.28.9_1,KonaweUtara,4697.940054896048,47.0,4.583912236,3.131556217829787,23.51063829787234
IDN.28.11_1,Muna,2775.2422308079476,25.0,4.678415451,3.2513204362800003,27.44
IDN.28.12_1,Wakatobi,493.91922861872774,1.0,4.880816963,4.880816963,10.0
IDN.29.1_1,Bitung,318.12473424033186,6.0,4.9337228,3.786157059166667,89.83333333333333
IDN.29.5_1,BolaangMongondow,3335.2714493662425,107.0,5.044898542,3.650543956971963,198.73831775700936
IDN.29.2_1,BolaangMongondowSelatan,1803.28428642365,100.0,5.111456618,3.7276689282400004,202.29
IDN.29.3_1,BolaangMongondowTimur,897.7649516691127,16.0,5.323434379,3.372432667875,67.0625
IDN.29.4_1,BolaangMongondowUtara,1621.0731521083183,18.0,5.0830892,3.3185042921666668,93.33333333333333
IDN.29.6_1,KepulauanSangihe,601.9170174619541,6.0,4.5780634,4.130673918,87.33333333333333
IDN.29.7_1,KepulauanTalaud,1020.4612277509465,152.0,6.106072,4.183516327875,29.144736842105264
IDN.29.8_1,Kotamobagu,50.66113067474477,2.0,3.3801898,3.2140730565,191.5
IDN.29.9_1,Manado,163.17331554677915,5.0,4.364978468,3.6514892938,166.2
IDN.29.13_1,Minahasa,1151.8719917398619,20.0,5.709180349,4.11659779015,176.1
IDN.29.10_1,MinahasaSelatan,1484.2010697258427,33.0,4.7833474,3.743073006818182,151.78787878787878
IDN.29.11_1,MinahasaTenggara,710.0026004512963,3.0,5.274198061,3.9468344826666666,110.66666666666667
IDN.29.12_1,MinahasaUtara,993.3419438228863,20.0,4.730928439,4.00318633245,148.95
IDN.29.14_1,SiauTagulandangBiaro,220.38516163695067,3.0,4.623546336,3.6793843269999997,94.0
IDN.29.15_1,Tomohon,147.3496134014717,3.0,3.717895227,3.666934845,101.33333333333333
IDN.30.1_1,Agam,2238.6295366482796,189.0,6.285025888,2.744756115132275,12.597883597883598
IDN.30.2_1,Bukittinggi,23.912182435471266,5.0,3.811349725,3.1127760066,10.4
IDN.30.3_1,Danau,107.8137255509776,19.0,5.029741972,3.126125152,9.157894736842104
IDN.30.4_1,Dharmasraya,3010.006469517969,19.0,4.563007607,3.541503313263158,127.15789473684211
IDN.30.5_1,KepulauanMentawai,5995.116924777961,89.0,6.267409066,3.8859061623820224,33.01123595505618
IDN.30.6_1,KotaSolok,60.617878452140474,1.0,3.5742085,3.5742085,94.0
IDN.30.7_1,LimaPuluhKota,3269.8844875331188,18.0,4.80030595,3.5616695753888887,100.83333333333333
IDN.30.10_1,Padang,686.4453320546276,13.0,4.1647913,3.283877378076923,55.30769230769231
IDN.30.8_1,PadangPanjang,21.101734871495477,0.0,0.0,0.0,0.0
IDN.30.9_1,PadangPariaman,1352.8386018160645,30.0,4.239501081,2.933248875,28.666666666666668
IDN.30.11_1,Pariaman,65.30674629297073,0.0,0.0,0.0,0.0
IDN.30.13_1,Pasaman,3933.632627465008,335.0,5.0305151,3.1309700732716417,42.25074626865672
IDN.30.12_1,PasamanBarat,3738.4326628064705,169.0,6.187476395,3.1856117768284027,33.43195266272189
IDN.30.14_1,Payakumbuh,75.33045939807991,0.0,0.0,0.0,0.0
IDN.30.15_1,PesisirSelatan,6106.955341521529,77.0,5.574886977,3.3386675078571426,45.18181818181818
IDN.30.16_1,Sawahlunto,238.16571787098027,1.0,4.9760291,4.9760291,155.0
IDN.30.17_1,Sijunjung,3065.701422331156,13.0,4.5109555,3.639771904076923,110.84615384615384
IDN.30.19_1,Solok,3247.32510746814,81.0,4.790584485,2.736469399234568,14.320987654320987
IDN.30.18_1,SolokSelatan,3613.0046448770204,28.0,5.637287004,3.4456925049285716,66.39285714285714
IDN.30.20_1,TanahDatar,1314.942331405611,51.0,4.730823341,3.1260720779215685,28.15686274509804
IDN.31.1_1,BanyuAsin,11149.261074993983,11.0,5.855191384,4.599505835909091,56.36363636363637
IDN.31.2_1,EmpatLawang,2400.3181113846044,18.0,4.255925308,3.1484947535,53.05555555555556
IDN.31.3_1,Lahat,4252.68530578744,61.0,5.872729582,3.1042026437540984,42.60655737704918
IDN.31.4_1,Lubuklinggau,369.35379167512025,13.0,4.552887837,3.948147813923077,175.30769230769232
IDN.31.5_1,MuaraEnim,8561.785448718234,88.0,5.46472948,3.3499753484090906,59.47727272727273
IDN.31.6_1,MusiBanyuasin,14807.922418932463,23.0,5.802225844,4.284644343913043,113.1304347826087
IDN.31.7_1,MusiRawas,12191.901043445103,89.0,5.512167472,3.7637527915955054,149.42696629213484
IDN.31.8_1,OganIlir,2393.2976836807134,2.0,5.238024694,5.202305844,10.0
IDN.31.9_1,OganKomeringIlir,18008.813411535335,15.0,5.999876393,4.570346817666667,47.8
IDN.31.12_1,OganKomeringUlu,3885.9505210517596,16.0,4.98366169,3.2326951715625,52.8125
IDN.31.10_1,OganKomeringUluSelatan,4475.437895665945,67.0,5.070964103,3.0979065832238804,53.76119402985075
IDN.31.11_1,OganKomeringUluTimur,3416.6678599493707,5.0,4.19867362,3.4175245104,102.8
IDN.31.13_1,PagarAlam,593.64156765011,12.0,4.845003425,3.4193244848333335,86.25
IDN.31.14_1,Palembang,359.5955661548675,0.0,0.0,0.0,0.0
IDN.31.15_1,Prabumulih,408.1028724845681,3.0,3.857162255,3.5212875196666666,120.0
IDN.32.1_1,Asahan,3787.272881800704,7.0,3.74181304,3.231018026857143,153.42857142857142
IDN.32.2_1,BatuBara,916.5832690850085,2.0,4.453850437,4.0551961945,481.5
IDN.32.3_1,Dairi,1997.933843787574,52.0,4.71560141,2.857306222057692,27.096153846153847
IDN.32.4_1,DeliSerdang,2596.173518214589,98.0,4.828440613,2.954370480183673,13.581632653061224
IDN.32.5_1,Gunungsitoli,312.0437426771638,5.0,3.9561113,3.4349768292,25.2
IDN.32.6_1,HumbangHasundutan,2535.3273807322157,39.0,5.006017859,3.1283447065641026,63.205128205128204
IDN.32.7_1,Karo,2158.035843515446,136.0,5.416254348,2.7669839081838234,24.0
IDN.32.8_1,KotaBinjai,94.317574028788,0.0,0.0,0.0,0.0
IDN.32.9_1,KotaMedan,284.1155450012766,1.0,2.4915937,2.4915937,50.0
IDN.32.10_1,KotaTanjungbalai,60.71019839133414,0.0,0.0,0.0,0.0
IDN.32.13_1,Labuhanbatu,2730.8335321003283,0.0,0.0,0.0,0.0
IDN.32.11_1,LabuhanbatuSelatan,3109.367378448361,2.0,3.697142106,3.5832216404999997,12.0
IDN.32.12_1,LabuhanbatuUtara,3549.6159987785563,3.0,4.880763219,4.223394599666666,62.333333333333336
IDN.32.14_1,LakeToba,1104.393501079151,118.0,5.108722844,3.10316189979661,96.22881355932203
IDN.32.15_1,Langkat,6254.291800616695,124.0,5.642869866,3.0374133785322583,39.45967741935484
IDN.32.16_1,MandailingNatal,6540.860985791318,265.0,5.725743,3.4088020685018865,56.422641509433966
IDN.32.20_1,Nias,839.6701530919829,10.0,4.204895,3.3064103606,25.3
IDN.32.17_1,NiasBarat,478.84128577817967,16.0,4.612681998,3.5352563129375,19.5625
IDN.32.18_1,NiasSelatan,2498.671744726106,61.0,5.116079096,3.5903424022786887,21.0327868852459
IDN.32.19_1,NiasUtara,1204.6264698569719,33.0,4.6233856,3.696733234969697,26.0
IDN.32.22_1,PadangLawas,3815.3048090898237,114.0,5.4185258,3.4734353408684213,119.66666666666667
IDN.32.21_1,PadangLawasUtara,3960.3088322783615,91.0,5.253056355,3.572329667703297,130.98901098901098
IDN.32.23_1,Padangsidimpuan,134.7926936566657,16.0,4.950035764,3.235436348375,16.625
IDN.32.24_1,PakpakBarat,1324.212419194165,10.0,3.6442922,2.7469381469,52.2
IDN.32.25_1,Pematangsiantar,76.72245065791087,2.0,4.09075565,3.818227201,170.0
IDN.32.26_1,Samosir,1240.049106920327,147.0,5.444440608,2.601980706176871,34.89795918367347
IDN.32.27_1,SerdangBedagai,1935.9902826926993,3.0,5.022026078,4.319085448,194.33333333333334
IDN.32.28_1,Sibolga,10.86172953272088,1.0,2.7933265,2.7933265,21.0
IDN.32.29_1,Simalungun,4412.975152628085,83.0,5.341613992,3.2777227082168676,104.5421686746988
IDN.32.30_1,TapanuliSelatan,4122.907284151593,184.0,5.4520256,3.314332219353261,66.14673913043478
IDN.32.31_1,TapanuliTengah,2357.3994934650955,56.0,5.379780849,3.3172313988392856,73.875
IDN.32.32_1,TapanuliUtara,3718.772875192023,611.0,6.000836227,3.1770634269132567,47.92635024549918
IDN.32.33_1,Tebingtinggi,39.99653493390766,0.0,0.0,0.0,0.0
IDN.32.34_1,TobaSamosir,2149.0757084953593,41.0,5.554142144,3.7464496019024387,126.0
IDN.33.1_1,Bantul,525.3299990515072,34.0,5.76378,2.2785276324117647,20.41176470588235
IDN.33.2_1,GunungKidul,1503.2597873224354,126.0,4.959533725,2.824426524103175,18.976190476190474
IDN.33.3_1,KotaYogyakarta,33.417548197765356,0.0,0.0,0.0,0.0
IDN.33.4_1,KulonProgo,590.7663489374423,1.0,3.3195466,3.3195466,300.0
IDN.33.5_1,Sleman,585.5514351359824,10.0,5.263208904,2.4956330523,19.2
